method,sequence,accuracy,recall,fps,reinit,frames
pmmh,bag,0.668656,0.643694,4.9,16,196
pmmh,bag,0.715096,0.623489,5.02564,11,196
pmmh,bag,0.644025,0.556573,5.44444,11,196
pmmh,bag,0.732949,0.592429,5.44444,9,196
pmmh,bag,0.663604,0.667768,4.35556,7,196
pmmh,bag,0.688966,0.639725,4.35556,9,196
pmmh,bag,0.70239,0.566891,3.76923,10,196
pmmh,bag,0.628332,0.538816,4.9,9,196
pmmh,bag,0.683263,0.578301,5.15789,15,196
pmmh,bag,0.662871,0.533458,5.6,13,196
pmmh,bag,0.687919,0.576928,5.2973,11,196
pmmh,bag,0.661157,0.639043,4.45455,11,196
pmmh,bag,0.650633,0.584315,5.02564,12,196
pmmh,bag,0.712043,0.586414,4.9,8,196
pmmh,bag,0.697147,0.635097,4.66667,9,196
tracker,bag,0.548181,0.55688,49,13,196
tracker,bag,0.574908,0.538774,65.3333,16,196
tracker,bag,0.542279,0.604763,49,21,196
tracker,bag,0.605342,0.633444,65.3333,24,196
tracker,bag,0.612566,0.625144,49,22,196
tracker,bag,0.633519,0.631462,65.3333,25,196
tracker,bag,0.682196,0.636821,49,21,196
tracker,bag,0.680562,0.639879,65.3333,29,196
tracker,bag,0.612883,0.624542,65.3333,26,196
tracker,bag,0.572816,0.628944,65.3333,23,196
tracker,bag,0.513445,0.494387,65.3333,23,196
tracker,bag,0.449084,0.506536,65.3333,1,196
tracker,bag,0.63414,0.638888,65.3333,23,196
tracker,bag,0.627404,0.590886,65.3333,33,196
tracker,bag,0.607487,0.627237,49,24,196
pmmh,ball1,0.477832,0.497477,17.5,18,105
pmmh,ball1,0.546889,0.5636,17.5,19,105
pmmh,ball1,0.486681,0.507425,17.5,18,105
pmmh,ball1,0.51401,0.537231,17.5,18,105
pmmh,ball1,0.503253,0.530945,17.5,19,105
pmmh,ball1,0.54462,0.571179,21,19,105
pmmh,ball1,0.544658,0.560596,17.5,19,105
pmmh,ball1,0.479479,0.49724,17.5,19,105
pmmh,ball1,0.529088,0.555145,15,18,105
pmmh,ball1,0.53387,0.562008,17.5,18,105
pmmh,ball1,0.542274,0.559896,17.5,20,105
pmmh,ball1,0.520565,0.544259,17.5,20,105
pmmh,ball1,0.557312,0.56929,17.5,21,105
pmmh,ball1,0.534785,0.543062,17.5,20,105
pmmh,ball1,0.509257,0.530926,15,18,105
tracker,ball1,0.478504,0.498902,105,17,105
tracker,ball1,0.497419,0.522002,105,19,105
tracker,ball1,0.525096,0.52552,105,16,105
tracker,ball1,0.511904,0.533303,105,17,105
tracker,ball1,0.510026,0.54126,inf,16,105
tracker,ball1,0.518041,0.516861,inf,18,105
tracker,ball1,0.508458,0.507839,inf,16,105
tracker,ball1,0.524686,0.549128,inf,18,105
tracker,ball1,0.490423,0.508588,inf,18,105
tracker,ball1,0.532161,0.529704,inf,21,105
tracker,ball1,0.524199,0.524255,inf,16,105
tracker,ball1,0.491772,0.490486,inf,19,105
tracker,ball1,0.524972,0.524663,inf,19,105
tracker,ball1,0.508738,0.507429,inf,18,105
tracker,ball1,0.526285,0.525934,inf,21,105
pmmh,ball2,0.53566,0.599591,41,8,41
pmmh,ball2,0.550701,0.603076,20.5,8,41
pmmh,ball2,0.682072,0.714368,20.5,7,41
pmmh,ball2,0.492531,0.551364,41,7,41
pmmh,ball2,0.558568,0.647848,20.5,7,41
pmmh,ball2,0.389952,0.422063,20.5,8,41
pmmh,ball2,0.436575,0.475669,41,8,41
pmmh,ball2,0.573083,0.628683,41,9,41
pmmh,ball2,0.470949,0.526931,20.5,7,41
pmmh,ball2,0.411451,0.480836,41,9,41
pmmh,ball2,0.452332,0.501629,41,8,41
pmmh,ball2,0.480726,0.546358,20.5,9,41
pmmh,ball2,0.490393,0.530087,41,9,41
pmmh,ball2,0.49058,0.575023,41,7,41
pmmh,ball2,0.453838,0.500497,20.5,9,41
tracker,ball2,0.504067,0.501526,inf,14,41
tracker,ball2,0.502533,0.499223,inf,15,41
tracker,ball2,0.521326,0.566207,inf,9,41
tracker,ball2,0.475452,0.537767,inf,8,41
tracker,ball2,0.527629,0.523364,inf,15,41
tracker,ball2,0.512195,0.512195,inf,20,41
tracker,ball2,0.420343,0.465532,inf,10,41
tracker,ball2,0.441727,0.499765,inf,8,41
tracker,ball2,0.531849,0.601273,41,9,41
tracker,ball2,0.505711,0.493595,inf,13,41
tracker,ball2,0.471007,0.533379,inf,7,41
tracker,ball2,0.534251,0.529383,inf,15,41
tracker,ball2,0.529204,0.52752,inf,14,41
tracker,ball2,0.39158,0.438256,inf,8,41
tracker,ball2,0.506768,0.506995,inf,14,41
pmmh,basketball,0.589204,0.607458,8.05556,44,725
pmmh,basketball,0.64675,0.678669,8.05556,35,725
pmmh,basketball,0.581122,0.603115,8.33333,46,725
pmmh,basketball,0.579027,0.600558,8.52941,40,725
pmmh,basketball,0.570806,0.623582,7.96703,45,725
pmmh,basketball,0.624885,0.654943,8.33333,48,725
pmmh,basketball,0.595836,0.660869,7.39796,43,725
pmmh,basketball,0.567399,0.601357,7.63158,46,725
pmmh,basketball,0.606271,0.621981,8.14607,34,725
pmmh,basketball,0.563718,0.564844,8.43023,38,725
pmmh,basketball,0.599722,0.600036,8.33333,35,725
pmmh,basketball,0.626924,0.631112,8.33333,41,725
pmmh,basketball,0.639526,0.602668,8.95062,43,725
pmmh,basketball,0.640624,0.626436,8.95062,46,725
pmmh,basketball,0.649675,0.674041,8.23864,45,725
tracker,basketball,0.721374,0.705288,145,70,725
tracker,basketball,0.624786,0.646465,120.833,47,725
tracker,basketball,0.685042,0.664211,145,89,725
tracker,basketball,0.630645,0.615023,120.833,47,725
tracker,basketball,0.70017,0.657406,145,73,725
tracker,basketball,0.641509,0.648841,120.833,49,725
tracker,basketball,0.639656,0.651644,120.833,48,725
tracker,basketball,0.664995,0.689951,120.833,74,725
tracker,basketball,0.658081,0.64878,120.833,102,725
tracker,basketball,0.625018,0.646755,120.833,53,725
tracker,basketball,0.675573,0.66146,145,84,725
tracker,basketball,0.683335,0.69221,120.833,47,725
tracker,basketball,0.700561,0.684143,120.833,87,725
tracker,basketball,0.623574,0.608875,120.833,36,725
tracker,basketball,0.625724,0.627611,145,50,725
pmmh,birds1,0.512122,0.522488,16.1429,102,339
pmmh,birds1,0.530402,0.525918,15.4091,97,339
pmmh,birds1,0.577766,0.504149,16.1429,100,339
pmmh,birds1,0.513351,0.491958,15.4091,90,339
pmmh,birds1,0.543902,0.523466,16.95,108,339
pmmh,birds1,0.538954,0.519091,16.1429,104,339
pmmh,birds1,0.548558,0.55265,15.4091,102,339
pmmh,birds1,0.54126,0.52903,16.95,104,339
pmmh,birds1,0.543418,0.535026,16.1429,98,339
pmmh,birds1,0.52292,0.51944,15.4091,105,339
pmmh,birds1,0.535429,0.525815,16.1429,102,339
pmmh,birds1,0.522187,0.520085,14.7391,96,339
pmmh,birds1,0.529374,0.503596,16.95,110,339
pmmh,birds1,0.533223,0.524853,15.4091,104,339
pmmh,birds1,0.524835,0.520263,15.4091,106,339
tracker,birds1,0.541485,0.515014,339,115,339
tracker,birds1,0.560011,0.538817,169.5,111,339
tracker,birds1,0.556213,0.559273,339,118,339
tracker,birds1,0.555279,0.547918,169.5,114,339
tracker,birds1,0.551783,0.536072,169.5,114,339
tracker,birds1,0.558051,0.551478,169.5,116,339
tracker,birds1,0.538553,0.523238,339,120,339
tracker,birds1,0.534557,0.516219,169.5,116,339
tracker,birds1,0.557123,0.552967,339,116,339
tracker,birds1,0.547639,0.551511,169.5,116,339
tracker,birds1,0.526249,0.527545,169.5,112,339
tracker,birds1,0.486852,0.494011,169.5,121,339
tracker,birds1,0.547417,0.520246,339,115,339
tracker,birds1,0.515738,0.516204,339,112,339
tracker,birds1,0.539963,0.539093,339,117,339
pmmh,birds2,0.544984,0.484968,9.98148,13,539
pmmh,birds2,0.586363,0.591891,9.8,27,539
pmmh,birds2,0.472897,0.513179,9.2931,22,539
pmmh,birds2,0.556651,0.59581,9.2931,21,539
pmmh,birds2,0.484607,0.510051,9.45614,24,539
pmmh,birds2,0.540606,0.563828,9.45614,19,539
pmmh,birds2,0.521475,0.539504,9.625,22,539
pmmh,birds2,0.48145,0.501675,9.45614,16,539
pmmh,birds2,0.479533,0.492383,9.13559,15,539
pmmh,birds2,0.605957,0.552551,9.8,15,539
pmmh,birds2,0.499923,0.479806,9.8,11,539
pmmh,birds2,0.548596,0.584096,9.13559,12,539
pmmh,birds2,0.618699,0.548829,9.98148,16,539
pmmh,birds2,0.546823,0.55274,9.625,21,539
pmmh,birds2,0.455643,0.48366,9.2931,13,539
tracker,birds2,0.598813,0.547111,179.667,12,539
tracker,birds2,0.50631,0.62155,134.75,11,539
tracker,birds2,0.562896,0.543135,134.75,15,539
tracker,birds2,0.419888,0.516614,107.8,10,539
tracker,birds2,0.499321,0.524096,134.75,35,539
tracker,birds2,0.459227,0.577983,107.8,3,539
tracker,birds2,0.534045,0.612185,134.75,18,539
tracker,birds2,0.479916,0.525807,134.75,22,539
tracker,birds2,0.470582,0.466459,134.75,8,539
tracker,birds2,0.472011,0.577223,134.75,11,539
tracker,birds2,0.528574,0.493004,179.667,10,539
tracker,birds2,0.541633,0.509807,179.667,13,539
tracker,birds2,0.475385,0.461231,134.75,16,539
tracker,birds2,0.518979,0.611395,134.75,14,539
tracker,birds2,0.530865,0.654195,134.75,9,539
pmmh,blanket,0.766734,0.783267,16.0714,3,225
pmmh,blanket,0.75749,0.665556,17.3077,1,225
pmmh,blanket,0.693671,0.646326,17.3077,2,225
pmmh,blanket,0.836732,0.718056,17.3077,3,225
pmmh,blanket,0.739813,0.733723,17.3077,3,225
pmmh,blanket,0.730627,0.648416,16.0714,3,225
pmmh,blanket,0.666971,0.656958,16.0714,3,225
pmmh,blanket,0.766071,0.711592,16.0714,1,225
pmmh,blanket,0.721592,0.629353,18.75,5,225
pmmh,blanket,0.806668,0.586068,18.75,4,225
pmmh,blanket,0.765452,0.685378,16.0714,3,225
pmmh,blanket,0.74131,0.642495,17.3077,1,225
pmmh,blanket,0.806351,0.676208,18.75,3,225
pmmh,blanket,0.724895,0.64543,17.3077,2,225
pmmh,blanket,0.8322,0.489805,22.5,1,225
tracker,blanket,0.682474,0.669413,225,5,225
tracker,blanket,0.675093,0.600284,225,5,225
tracker,blanket,0.746334,0.638179,225,6,225
tracker,blanket,0.597077,0.699168,225,5,225
tracker,blanket,0.869112,0.423955,225,2,225
tracker,blanket,0.762068,0.71696,225,6,225
tracker,blanket,0.685518,0.524876,225,2,225
tracker,blanket,0.681861,0.539931,225,2,225
tracker,blanket,0.733876,0.627599,225,5,225
tracker,blanket,0.757965,0.523638,225,3,225
tracker,blanket,0.776409,0.455094,225,1,225
tracker,blanket,0.715264,0.698409,225,9,225
tracker,blanket,0.698985,0.66606,225,5,225
tracker,blanket,0.678529,0.684512,225,6,225
tracker,blanket,0.766793,0.748967,225,2,225
pmmh,bmx,0.715104,0.502528,1.52,3,76
pmmh,bmx,0.758947,0.308076,1.9,1,76
pmmh,bmx,0.734564,0.445442,1.72727,2,76
pmmh,bmx,0.773292,0.35114,1.85366,3,76
pmmh,bolt1,0.581627,0.601116,16.6667,10,350
pmmh,bolt1,0.592311,0.608323,17.5,15,350
pmmh,bolt1,0.625046,0.597299,17.5,10,350
pmmh,bolt1,0.577822,0.58318,16.6667,9,350
pmmh,bolt1,0.667259,0.642817,17.5,14,350
pmmh,bolt1,0.675046,0.642683,15.9091,7,350
pmmh,bolt1,0.671981,0.634053,18.4211,12,350
pmmh,bolt1,0.738753,0.578496,19.4444,2,350
pmmh,bolt1,0.633581,0.507795,19.4444,3,350
pmmh,bolt1,0.59601,0.636108,17.5,15,350
pmmh,bolt1,0.641684,0.644636,16.6667,9,350
pmmh,bolt1,0.691538,0.634351,17.5,6,350
pmmh,bolt1,0.721777,0.58084,18.4211,9,350
pmmh,bolt1,0.752411,0.594651,19.4444,2,350
pmmh,bolt1,0.665753,0.61428,16.6667,4,350
tracker,bolt1,0.717036,0.623883,350,6,350
tracker,bolt1,0.727043,0.617694,175,6,350
tracker,bolt1,0.700668,0.623149,350,8,350
tracker,bolt1,0.7175,0.637326,350,6,350
tracker,bolt1,0.654549,0.617979,175,9,350
tracker,bolt1,0.742093,0.636022,350,5,350
tracker,bolt1,0.619189,0.589749,350,15,350
tracker,bolt1,0.603262,0.52984,350,8,350
tracker,bolt1,0.738068,0.689142,175,3,350
tracker,bolt1,0.705794,0.633641,350,5,350
tracker,bolt1,0.692743,0.656406,350,7,350
tracker,bolt1,0.589113,0.601466,175,9,350
tracker,bolt1,0.69729,0.6944,175,3,350
tracker,bolt1,0.757728,0.559759,350,1,350
tracker,bolt1,0.707161,0.623728,350,8,350
pmmh,bolt2,0.663276,0.675032,15.4211,18,293
pmmh,bolt2,0.614096,0.635514,18.3125,17,293
pmmh,bolt2,0.598599,0.637701,18.3125,19,293
pmmh,bolt2,0.616882,0.646871,18.3125,20,293
pmmh,bolt2,0.590042,0.617628,17.2353,14,293
pmmh,bolt2,0.646803,0.671754,17.2353,14,293
pmmh,bolt2,0.618925,0.650947,17.2353,23,293
pmmh,bolt2,0.645281,0.640321,19.5333,21,293
pmmh,bolt2,0.661834,0.743881,16.2778,14,293
pmmh,bolt2,0.535488,0.566832,17.2353,14,293
pmmh,bolt2,0.64496,0.674432,17.2353,8,293
pmmh,bolt2,0.654702,0.677832,17.2353,14,293
pmmh,bolt2,0.630044,0.701091,17.2353,14,293
pmmh,bolt2,0.633824,0.654382,17.2353,18,293
pmmh,bolt2,0.606591,0.623298,18.3125,20,293
tracker,bolt2,0.602954,0.613729,293,17,293
tracker,bolt2,0.619613,0.609598,inf,36,293
tracker,bolt2,0.619816,0.637194,293,26,293
tracker,bolt2,0.572921,0.599875,293,19,293
tracker,bolt2,0.585822,0.628092,293,29,293
tracker,bolt2,0.535959,0.555277,inf,23,293
tracker,bolt2,0.592186,0.642085,293,24,293
tracker,bolt2,0.579751,0.582565,293,84,293
tracker,bolt2,0.654317,0.649935,293,35,293
tracker,bolt2,0.624746,0.606262,293,30,293
tracker,bolt2,0.649808,0.646962,inf,29,293
tracker,bolt2,0.582803,0.607837,293,23,293
tracker,bolt2,0.548462,0.600464,293,19,293
tracker,bolt2,0.60106,0.597685,293,27,293
tracker,bolt2,0.548685,0.567584,293,23,293
pmmh,book,0.479423,0.491751,13.4615,29,175
pmmh,book,0.556034,0.575428,12.5,29,175
pmmh,book,0.531436,0.527777,13.4615,25,175
pmmh,book,0.541767,0.556647,12.5,25,175
pmmh,book,0.509696,0.531838,11.6667,23,175
pmmh,book,0.505623,0.514142,12.5,24,175
pmmh,book,0.501655,0.491554,12.5,29,175
pmmh,book,0.517862,0.551578,12.5,28,175
pmmh,book,0.526738,0.557916,12.5,25,175
pmmh,book,0.531129,0.588495,12.5,29,175
pmmh,book,0.525743,0.546357,10.9375,22,175
pmmh,book,0.515272,0.538384,12.5,28,175
pmmh,book,0.52455,0.50908,12.5,26,175
pmmh,book,0.509797,0.540991,11.6667,23,175
pmmh,book,0.537333,0.522583,12.5,21,175
tracker,book,0.516849,0.511535,175,24,175
tracker,book,0.554725,0.477287,175,27,175
tracker,book,0.556094,0.595381,175,23,175
tracker,book,0.502676,0.546193,175,27,175
tracker,book,0.507353,0.566476,175,23,175
tracker,book,0.51683,0.523056,175,25,175
tracker,book,0.521016,0.535227,175,27,175
tracker,book,0.519527,0.5205,175,28,175
tracker,book,0.52985,0.538411,175,23,175
tracker,book,0.511599,0.518236,175,25,175
tracker,book,0.60023,0.495153,175,24,175
tracker,book,0.582475,0.496539,175,27,175
tracker,book,0.501988,0.509893,175,21,175
tracker,book,0.506182,0.525629,175,22,175
tracker,book,0.488619,0.506609,175,22,175
pmmh,butterfly,0.550988,0.48642,8.38889,6,151
pmmh,butterfly,0.539393,0.460643,7.19048,6,151
pmmh,butterfly,0.526193,0.587254,6.86364,10,151
pmmh,butterfly,0.525621,0.431341,8.88235,8,151
pmmh,butterfly,0.540767,0.453371,8.38889,7,151
pmmh,butterfly,0.567663,0.473959,7.94737,10,151
pmmh,butterfly,0.531851,0.537234,8.38889,13,151
pmmh,butterfly,0.532113,0.419847,9.4375,6,151
pmmh,butterfly,0.549025,0.49367,8.88235,10,151
pmmh,butterfly,0.551957,0.474362,8.38889,10,151
pmmh,butterfly,0.548447,0.583981,7.55,13,151
pmmh,butterfly,0.587893,0.449326,9.4375,8,151
pmmh,butterfly,0.476276,0.510109,6.86364,11,151
pmmh,butterfly,0.584589,0.505888,7.55,7,151
pmmh,butterfly,0.596592,0.539102,7.55,7,151
tracker,butterfly,0.58832,0.406826,151,9,151
tracker,butterfly,0.640022,0.487696,75.5,8,151
tracker,butterfly,0.533992,0.561144,151,12,151
tracker,butterfly,0.619422,0.457812,151,7,151
tracker,butterfly,0.51772,0.509065,151,9,151
tracker,butterfly,0.56609,0.487315,151,8,151
tracker,butterfly,0.567594,0.452952,151,11,151
tracker,butterfly,0.567635,0.586581,151,6,151
tracker,butterfly,0.576929,0.475999,151,11,151
tracker,butterfly,0.503252,0.691982,75.5,9,151
tracker,butterfly,0.574345,0.567376,151,9,151
tracker,butterfly,0.478865,0.693232,50.3333,7,151
tracker,butterfly,0.63172,0.520623,151,8,151
tracker,butterfly,0.516253,0.573348,151,5,151
tracker,butterfly,0.597476,0.455486,151,9,151
pmmh,car1,0.527935,0.538298,7.81053,100,742
pmmh,car1,0.527598,0.554212,7.57143,94,742
pmmh,car1,0.50547,0.522201,7.13462,90,742
pmmh,car1,0.514017,0.530657,7.64948,89,742
pmmh,car1,0.530177,0.548584,7.57143,82,742
pmmh,car1,0.502436,0.522066,7.42,81,742
pmmh,car1,0.51107,0.532621,7.49495,82,742
pmmh,car1,0.524676,0.541727,7.42,91,742
pmmh,car1,0.523469,0.542185,7.42,96,742
pmmh,car1,0.492219,0.507475,7.42,87,742
pmmh,car1,0.51398,0.532154,7.20388,93,742
pmmh,car1,0.515483,0.535407,7.49495,91,742
pmmh,car1,0.511173,0.530182,7.49495,90,742
pmmh,car1,0.512168,0.531074,7.72917,97,742
pmmh,car1,0.507576,0.525996,7.49495,92,742
tracker,car1,0.528705,0.552345,106,93,742
tracker,car1,0.540033,0.542059,106,155,742
tracker,car1,0.532096,0.530443,106,172,742
tracker,car1,0.501289,0.500936,185.5,363,742
tracker,car1,0.5175,0.536674,92.75,99,742
tracker,car1,0.534561,0.536228,106,159,742
tracker,car1,0.538916,0.555744,92.75,96,742
tracker,car1,0.536127,0.533264,123.667,173,742
tracker,car1,0.534769,0.536135,123.667,173,742
tracker,car1,0.526001,0.529824,106,146,742
tracker,car1,0.522982,0.530742,106,139,742
tracker,car1,0.521706,0.521476,106,168,742
tracker,car1,0.540984,0.543989,92.75,141,742
tracker,car1,0.528688,0.545895,92.75,92,742
tracker,car1,0.49008,0.501058,106,122,742
pmmh,car2,0.649106,0.70733,32.75,21,393
pmmh,car2,0.488462,0.555807,30.2308,17,393
pmmh,car2,0.533782,0.641833,30.2308,21,393
pmmh,car2,0.54893,0.557808,32.75,23,393
pmmh,car2,0.560881,0.639127,30.2308,17,393
pmmh,car2,0.521394,0.604102,32.75,17,393
pmmh,car2,0.567025,0.662427,30.2308,6,393
pmmh,car2,0.528507,0.598773,30.2308,20,393
pmmh,car2,0.550365,0.656797,32.75,16,393
pmmh,car2,0.543775,0.617456,30.2308,22,393
pmmh,car2,0.460005,0.554996,30.2308,7,393
pmmh,car2,0.550536,0.615879,32.75,24,393
pmmh,car2,0.509867,0.517371,35.7273,21,393
pmmh,car2,0.540369,0.598822,32.75,21,393
pmmh,car2,0.53923,0.634001,32.75,10,393
tracker,car2,0.625618,0.644239,393,27,393
tracker,car2,0.576358,0.66711,393,19,393
tracker,car2,0.594213,0.61179,393,33,393
tracker,car2,0.61378,0.648307,393,31,393
tracker,car2,0.643458,0.607414,393,19,393
tracker,car2,0.639024,0.662945,393,30,393
tracker,car2,0.496858,0.536475,393,18,393
tracker,car2,0.530525,0.573526,393,19,393
tracker,car2,0.532075,0.613915,393,29,393
tracker,car2,0.479109,0.549798,inf,24,393
tracker,car2,0.637394,0.646967,inf,27,393
tracker,car2,0.58322,0.588959,inf,30,393
tracker,car2,0.61496,0.657115,393,29,393
tracker,car2,0.649121,0.604735,393,35,393
tracker,car2,0.648266,0.604233,393,32,393
pmmh,crossing,0.683255,0.419477,7.70588,13,131
pmmh,crossing,0.636798,0.454779,7.70588,10,131
pmmh,crossing,0.666766,0.504589,6.55,10,131
pmmh,crossing,0.717618,0.429589,7.70588,10,131
pmmh,crossing,0.736308,0.464828,8.1875,11,131
pmmh,crossing,0.690408,0.450453,6.55,9,131
pmmh,crossing,0.578701,0.445192,6.89474,10,131
pmmh,crossing,0.691261,0.480553,7.70588,10,131
pmmh,crossing,0.625761,0.454923,6.55,8,131
pmmh,crossing,0.720675,0.473398,6.89474,12,131
pmmh,crossing,0.630348,0.479789,6.55,9,131
pmmh,crossing,0.754166,0.519544,7.27778,9,131
pmmh,crossing,0.692071,0.538101,6.55,9,131
pmmh,crossing,0.632053,0.526411,6.2381,13,131
pmmh,crossing,0.531401,0.408574,6.89474,10,131
tracker,crossing,0.722009,0.468709,131,11,131
tracker,crossing,0.612503,0.500436,131,9,131
tracker,crossing,0.690504,0.464618,131,8,131
tracker,crossing,0.693565,0.430911,131,13,131
tracker,crossing,0.667907,0.500696,131,12,131
tracker,crossing,0.663559,0.407574,131,8,131
tracker,crossing,0.568943,0.483728,65.5,14,131
tracker,crossing,0.577364,0.465126,65.5,11,131
tracker,crossing,0.608198,0.486177,65.5,8,131
tracker,crossing,0.671559,0.375174,131,10,131
pmmh,dinosaur,0.553581,0.60165,6.93617,20,326
pmmh,dinosaur,0.598095,0.585493,8.35897,15,326
pmmh,dinosaur,0.513759,0.514988,7.40909,14,326
pmmh,dinosaur,0.515787,0.521824,6.93617,18,326
pmmh,dinosaur,0.561882,0.592731,7.5814,14,326
tracker,dinosaur,0.602936,0.591027,108.667,20,326
tracker,dinosaur,0.606288,0.592401,108.667,26,326
tracker,dinosaur,0.583262,0.551716,163,23,326
tracker,dinosaur,0.532741,0.54755,108.667,12,326
tracker,dinosaur,0.575345,0.593717,108.667,15,326
tracker,dinosaur,0.632195,0.610075,108.667,30,326
tracker,dinosaur,0.603186,0.579669,108.667,21,326
tracker,dinosaur,0.581138,0.578017,108.667,10,326
pmmh,fernando,0.725768,0.714047,3.43529,22,292
pmmh,fernando,0.626432,0.651114,3.39535,34,292
pmmh,fernando,0.665072,0.660287,3.60494,40,292
pmmh,fernando,0.609779,0.603974,3.60494,37,292
pmmh,fernando,0.637612,0.624202,3.60494,36,292
pmmh,fernando,0.600978,0.5868,3.35632,33,292
pmmh,fernando,0.634933,0.635915,3.39535,33,292
pmmh,fernando,0.668197,0.644678,3.56098,31,292
pmmh,fernando,0.634626,0.64197,3.39535,34,292
pmmh,fernando,0.71104,0.667994,3.47619,30,292
pmmh,fernando,0.616382,0.631154,3.43529,40,292
pmmh,fernando,0.632064,0.632183,3.39535,34,292
pmmh,fernando,0.573226,0.562182,3.31818,26,292
pmmh,fernando,0.615725,0.624024,3.47619,39,292
pmmh,fernando,0.625742,0.618051,3.60494,36,292
tracker,fernando,0.706779,0.700759,41.7143,29,292
tracker,fernando,0.581809,0.559545,58.4,57,292
tracker,fernando,0.576499,0.563128,58.4,63,292
tracker,fernando,0.591301,0.55685,48.6667,57,292
tracker,fernando,0.616803,0.619319,48.6667,28,292
tracker,fernando,0.587704,0.575015,48.6667,60,292
tracker,fernando,0.667306,0.676016,41.7143,33,292
tracker,fernando,0.65513,0.639882,48.6667,33,292
tracker,fernando,0.575834,0.552067,58.4,65,292
tracker,fernando,0.636093,0.618694,58.4,58,292
tracker,fernando,0.638816,0.65919,48.6667,38,292
tracker,fernando,0.677642,0.698924,41.7143,31,292
tracker,fernando,0.627293,0.621806,48.6667,31,292
tracker,fernando,0.569685,0.544884,58.4,58,292
tracker,fernando,0.588902,0.572559,58.4,65,292
pmmh,fish1,0.581236,0.496455,16.6364,8,366
pmmh,fish1,0.574283,0.505327,16.6364,7,366
pmmh,fish1,0.617861,0.449532,20.3333,11,366
pmmh,fish1,0.520451,0.529137,14.64,16,366
pmmh,fish1,0.623053,0.594514,15.913,12,366
pmmh,fish1,0.594862,0.4705,16.6364,11,366
pmmh,fish1,0.602618,0.518111,16.6364,13,366
pmmh,fish1,0.647114,0.558846,17.4286,11,366
pmmh,fish1,0.497772,0.473379,16.6364,15,366
pmmh,fish1,0.647969,0.582053,16.6364,10,366
pmmh,fish1,0.503592,0.438917,17.4286,13,366
pmmh,fish1,0.524312,0.503534,16.6364,8,366
pmmh,fish1,0.603502,0.554061,16.6364,9,366
pmmh,fish1,0.634232,0.524988,18.3,11,366
pmmh,fish1,0.615774,0.536763,16.6364,9,366
tracker,fish1,0.611326,0.595645,183,64,366
tracker,fish1,0.608305,0.60039,366,28,366
tracker,fish1,0.581632,0.583177,183,57,366
tracker,fish1,0.653148,0.615731,366,64,366
tracker,fish1,0.608863,0.614631,183,59,366
tracker,fish1,0.467998,0.467426,366,19,366
tracker,fish1,0.530502,0.453493,366,33,366
tracker,fish1,0.529309,0.589609,183,17,366
tracker,fish1,0.584364,0.566035,366,71,366
tracker,fish1,0.600492,0.590671,183,62,366
tracker,fish1,0.501494,0.502517,366,39,366
tracker,fish1,0.613497,0.590185,183,53,366
tracker,fish1,0.616547,0.594955,183,57,366
tracker,fish1,0.565349,0.559354,366,66,366
tracker,fish1,0.531078,0.573421,183,25,366
pmmh,fish2,0.698137,0.548699,14.7619,19,310
pmmh,fish2,0.641781,0.546374,12.4,15,310
pmmh,fish2,0.620418,0.633142,11.4815,21,310
pmmh,fish2,0.629716,0.575361,13.4783,16,310
pmmh,fish2,0.586022,0.575368,12.9167,18,310
pmmh,fish2,0.691954,0.588056,13.4783,15,310
pmmh,fish2,0.574256,0.57576,12.9167,25,310
pmmh,fish2,0.630554,0.556457,12.4,15,310
pmmh,fish2,0.710293,0.608516,11.9231,15,310
pmmh,fish2,0.714809,0.53458,14.0909,10,310
pmmh,fish2,0.632526,0.563966,13.4783,18,310
pmmh,fish2,0.576867,0.531571,12.4,24,310
pmmh,fish2,0.662331,0.614393,13.4783,20,310
pmmh,fish2,0.600464,0.503868,11.9231,10,310
pmmh,fish2,0.69661,0.600045,12.9167,14,310
tracker,fish2,0.566732,0.582065,155,39,310
tracker,fish2,0.562374,0.577124,155,33,310
tracker,fish2,0.607852,0.611321,155,46,310
tracker,fish2,0.605144,0.600768,155,43,310
tracker,fish2,0.630963,0.661144,103.333,31,310
tracker,fish2,0.503035,0.552744,155,27,310
tracker,fish2,0.565969,0.586984,155,46,310
tracker,fish2,0.536038,0.584693,155,33,310
tracker,fish2,0.563211,0.546068,310,39,310
tracker,fish2,0.525397,0.56438,155,34,310
tracker,fish2,0.584785,0.563993,155,45,310
tracker,fish2,0.607403,0.601042,155,45,310
tracker,fish2,0.559671,0.579587,155,40,310
tracker,fish2,0.4999,0.575908,155,33,310
tracker,fish2,0.594252,0.586574,155,26,310
pmmh,fish3,0.634206,0.643135,15.2647,9,519
pmmh,fish3,0.583158,0.622939,14.4167,7,519
pmmh,fish3,0.60409,0.617354,14.4167,17,519
pmmh,fish3,0.600871,0.621253,15.2647,10,519
pmmh,fish3,0.608511,0.66891,14.8286,11,519
pmmh,fish3,0.706318,0.758799,14.8286,6,519
pmmh,fish3,0.710574,0.483161,18.5357,10,519
pmmh,fish3,0.691451,0.734218,14.4167,6,519
pmmh,fish3,0.643543,0.703632,14.027,10,519
pmmh,fish3,0.642804,0.698142,12.975,6,519
pmmh,fish3,0.569058,0.622021,14.8286,11,519
pmmh,fish3,0.631067,0.593599,15.2647,8,519
pmmh,fish3,0.657253,0.569635,16.2188,11,519
pmmh,fish3,0.613139,0.6571,14.8286,17,519
pmmh,fish3,0.649939,0.660526,14.4167,13,519
tracker,fish3,0.639668,0.644477,259.5,52,519
tracker,fish3,0.649651,0.729518,173,20,519
tracker,fish3,0.644139,0.707914,259.5,20,519
tracker,fish3,0.624452,0.627452,173,50,519
tracker,fish3,0.652222,0.715321,259.5,68,519
tracker,fish3,0.555778,0.591553,259.5,15,519
tracker,fish3,0.642902,0.690138,259.5,58,519
tracker,fish3,0.568983,0.640583,259.5,16,519
tracker,fish3,0.618901,0.690654,259.5,20,519
tracker,fish3,0.586693,0.636725,259.5,55,519
tracker,fish3,0.627559,0.644107,173,51,519
tracker,fish3,0.630757,0.657467,259.5,52,519
tracker,fish3,0.613823,0.702002,173,20,519
tracker,fish3,0.618657,0.722857,259.5,20,519
tracker,fish3,0.689379,0.718345,259.5,66,519
pmmh,fish4,0.543703,0.486869,16.2381,30,682
pmmh,fish4,0.594735,0.589525,16.2381,39,682
pmmh,fish4,0.599167,0.574766,14.8261,29,682
pmmh,fish4,0.572823,0.567791,16.2381,40,682
pmmh,fish4,0.583544,0.504396,17.4872,34,682
pmmh,fish4,0.532568,0.57102,14.2083,29,682
pmmh,fish4,0.544082,0.532574,15.1556,47,682
pmmh,fish4,0.504558,0.601526,13.3725,27,682
pmmh,fish4,0.551991,0.489052,16.6341,31,682
pmmh,fish4,0.530029,0.541077,15.1556,32,682
pmmh,fish4,0.562936,0.520512,15.5,39,682
pmmh,fish4,0.516844,0.51943,15.8605,33,682
pmmh,fish4,0.492605,0.555397,13.64,23,682
pmmh,fish4,0.44993,0.460527,14.5106,33,682
pmmh,fish4,0.547494,0.547051,14.2083,28,682
tracker,fish4,0.636559,0.653169,227.333,68,682
tracker,fish4,0.55716,0.593418,227.333,41,682
tracker,fish4,0.697237,0.636907,227.333,67,682
tracker,fish4,0.481705,0.531986,170.5,33,682
tracker,fish4,0.678894,0.636217,227.333,63,682
tracker,fish4,0.520124,0.521314,227.333,55,682
tracker,fish4,0.648491,0.669356,227.333,66,682
tracker,fish4,0.54564,0.523235,227.333,32,682
tracker,fish4,0.671995,0.679325,227.333,81,682
tracker,fish4,0.67653,0.618134,227.333,70,682
tracker,fish4,0.602827,0.555247,227.333,32,682
tracker,fish4,0.512455,0.593038,170.5,36,682
tracker,fish4,0.647622,0.607859,227.333,35,682
tracker,fish4,0.656896,0.649768,227.333,69,682
tracker,fish4,0.581046,0.635811,170.5,50,682
pmmh,girl,0.607057,0.652575,5.10204,31,1500
pmmh,girl,0.579771,0.660758,4.55927,18,1500
pmmh,girl,0.658606,0.581384,6.09756,23,1500
pmmh,girl,0.599902,0.631042,5.24476,33,1500
pmmh,girl,0.645656,0.617709,5.88235,14,1500
pmmh,girl,0.673916,0.53744,6.75676,25,1500
pmmh,girl,0.606567,0.655017,5.13699,31,1500
pmmh,girl,0.616618,0.640446,5.39568,28,1500
pmmh,girl,0.595314,0.586037,5.59701,41,1500
pmmh,girl,0.62811,0.670043,4.15512,25,1500
pmmh,girl,0.707627,0.584623,5.20833,25,1500
pmmh,girl,0.620656,0.609151,5.01672,24,1500
pmmh,girl,0.641815,0.588797,5.9761,31,1500
pmmh,girl,0.579721,0.59133,5.66038,32,1500
pmmh,girl,0.621385,0.633144,5.53506,29,1500
tracker,girl,0.746503,0.708524,78.9474,4,1500
tracker,girl,0.708215,0.568955,93.75,18,1500
tracker,girl,0.78821,0.718217,83.3333,7,1500
tracker,girl,0.849609,0.624421,100,8,1500
tracker,girl,0.715268,0.581706,88.2353,14,1500
tracker,girl,0.855341,0.528299,125,1,1500
tracker,girl,0.726227,0.711674,71.4286,4,1500
tracker,girl,0.70878,0.57255,93.75,12,1500
tracker,girl,0.709784,0.585511,93.75,1,1500
tracker,girl,0.80221,0.600569,93.75,3,1500
tracker,girl,0.768021,0.646765,93.75,0,1500
tracker,girl,0.745402,0.696594,78.9474,7,1500
tracker,girl,0.699321,0.721342,68.1818,2,1500
tracker,girl,0.753936,0.637407,88.2353,5,1500
tracker,girl,0.691513,0.58547,88.2353,33,1500
pmmh,glove,0.489776,0.500591,13.3333,20,120
pmmh,glove,0.536112,0.516102,15,21,120
pmmh,glove,0.480746,0.505498,13.3333,15,120
pmmh,glove,0.513277,0.525593,13.3333,19,120
pmmh,glove,0.52765,0.564377,13.3333,17,120
pmmh,glove,0.49536,0.509381,13.3333,18,120
pmmh,glove,0.545973,0.537671,13.3333,19,120
pmmh,glove,0.538723,0.551886,13.3333,19,120
pmmh,glove,0.480668,0.495092,12,18,120
pmmh,glove,0.539418,0.545068,13.3333,18,120
pmmh,glove,0.501468,0.511452,13.3333,15,120
pmmh,glove,0.568363,0.556889,13.3333,17,120
pmmh,glove,0.56926,0.54425,13.3333,18,120
pmmh,glove,0.514018,0.54296,13.3333,16,120
pmmh,glove,0.569927,0.511202,15,17,120
tracker,glove,0.527948,0.530891,120,21,120
tracker,glove,0.537536,0.538363,120,24,120
tracker,glove,0.554773,0.545698,inf,23,120
tracker,glove,0.537729,0.534549,inf,21,120
tracker,glove,0.492029,0.533982,inf,20,120
tracker,glove,0.567707,0.557767,inf,16,120
tracker,glove,0.525464,0.54056,inf,19,120
tracker,glove,0.537449,0.550549,120,20,120
tracker,glove,0.528284,0.519859,120,23,120
tracker,glove,0.511321,0.520875,120,18,120
tracker,glove,0.488064,0.500474,120,17,120
tracker,glove,0.520111,0.5026,120,21,120
tracker,glove,0.555306,0.553502,120,22,120
tracker,glove,0.49826,0.506969,inf,20,120
tracker,glove,0.493373,0.531049,inf,16,120
pmmh,godfather,0.543991,0.548851,20.3333,13,366
pmmh,godfather,0.579411,0.556354,20.3333,12,366
pmmh,godfather,0.536664,0.591216,19.2632,18,366
pmmh,godfather,0.611724,0.641325,19.2632,24,366
pmmh,godfather,0.508521,0.540597,20.3333,22,366
pmmh,godfather,0.516311,0.530137,20.3333,24,366
pmmh,godfather,0.58573,0.652298,19.2632,20,366
pmmh,godfather,0.601838,0.574769,20.3333,5,366
pmmh,godfather,0.580504,0.63305,18.3,2,366
pmmh,godfather,0.515415,0.586087,18.3,16,366
pmmh,godfather,0.605663,0.61838,19.2632,12,366
pmmh,godfather,0.569643,0.58545,20.3333,18,366
pmmh,godfather,0.564343,0.592064,19.2632,15,366
pmmh,godfather,0.640366,0.611754,21.5294,13,366
pmmh,godfather,0.513143,0.513829,20.3333,17,366
tracker,godfather,0.527743,0.546339,366,10,366
tracker,godfather,0.587971,0.593089,366,17,366
tracker,godfather,0.586012,0.558242,366,12,366
tracker,godfather,0.568604,0.59711,366,17,366
tracker,godfather,0.575626,0.56917,366,17,366
tracker,godfather,0.571321,0.618586,366,20,366
tracker,godfather,0.51198,0.552903,183,11,366
tracker,godfather,0.623518,0.591483,183,18,366
tracker,godfather,0.587578,0.621604,183,17,366
tracker,godfather,0.488905,0.503209,366,15,366
tracker,godfather,0.592818,0.56051,366,27,366
tracker,godfather,0.633913,0.583459,366,16,366
tracker,godfather,0.563923,0.604057,366,18,366
tracker,godfather,0.537178,0.608193,366,7,366
tracker,godfather,0.567535,0.584602,366,6,366
pmmh,gymnastics2,0.612292,0.525773,3.69231,14,240
pmmh,gymnastics2,0.619677,0.524421,3.24324,9,240
pmmh,gymnastics2,0.585993,0.563245,3.15789,13,240
pmmh,gymnastics2,0.59006,0.562684,3.15789,11,240
pmmh,gymnastics2,0.567626,0.542002,3.58209,13,240
pmmh,gymnastics2,0.548063,0.471774,3.28767,13,240
pmmh,gymnastics2,0.604727,0.56058,3.33333,14,240
pmmh,gymnastics2,0.532326,0.523493,2.92683,11,240
pmmh,gymnastics2,0.532069,0.534166,2.69663,14,240
pmmh,gymnastics2,0.552144,0.499158,3.24324,10,240
pmmh,gymnastics2,0.560648,0.489706,3.75,15,240
tracker,gymnastics2,0.600257,0.568079,48,8,240
tracker,gymnastics2,0.553413,0.553053,40,16,240
tracker,gymnastics2,0.538431,0.546554,40,12,240
tracker,gymnastics2,0.487119,0.528127,40,9,240
tracker,gymnastics2,0.536831,0.520447,40,14,240
tracker,gymnastics2,0.567439,0.545444,48,14,240
tracker,gymnastics2,0.484431,0.486676,60,111,240
tracker,gymnastics2,0.522533,0.534716,40,12,240
pmmh,gymnastics3,0.423881,0.457994,1.26882,9,118
pmmh,gymnastics3,0.447001,0.522818,1.25532,9,118
pmmh,gymnastics3,0.49539,0.579599,1.35632,7,118
pmmh,gymnastics3,0.505394,0.395861,2.03448,6,118
pmmh,gymnastics3,0.498617,0.536338,1.42169,8,118
pmmh,gymnastics3,0.523096,0.65775,1.24211,7,118
pmmh,gymnastics3,0.54186,0.552176,1.59459,8,118
pmmh,gymnastics3,0.503276,0.485727,1.61644,10,118
pmmh,gymnastics3,0.491911,0.477687,1.49367,9,118
pmmh,gymnastics3,0.433659,0.445248,1.42169,8,118
pmmh,gymnastics3,0.527421,0.510268,1.63889,9,118
pmmh,gymnastics3,0.440407,0.485054,1.34091,8,118
pmmh,gymnastics3,0.506133,0.41862,1.81538,9,118
pmmh,gymnastics3,0.550038,0.569369,1.55263,9,118
pmmh,gymnastics3,0.380546,0.399516,1.31111,8,118
tracker,gymnastics3,0.481462,0.584271,19.6667,8,118
tracker,gymnastics3,0.498304,0.45239,23.6,9,118
tracker,gymnastics3,0.403679,0.57407,19.6667,8,118
tracker,gymnastics3,0.349528,0.356473,19.6667,8,118
tracker,gymnastics3,0.54098,0.526506,23.6,9,118
tracker,gymnastics3,0.521445,0.481657,23.6,8,118
tracker,gymnastics3,0.430883,0.551657,19.6667,7,118
tracker,gymnastics3,0.441795,0.486606,19.6667,9,118
tracker,gymnastics3,0.469166,0.537479,19.6667,7,118
tracker,gymnastics3,0.498321,0.572157,16.8571,7,118
tracker,gymnastics3,0.469212,0.388724,29.5,9,118
tracker,gymnastics3,0.354045,0.338563,19.6667,8,118
tracker,gymnastics3,0.491958,0.541563,19.6667,13,118
tracker,gymnastics3,0.573765,0.477061,29.5,12,118
tracker,gymnastics3,0.491498,0.526017,19.6667,7,118
pmmh,gymnastics4,0.547253,0.623073,3.66142,18,465
pmmh,gymnastics4,0.63847,0.644934,3.94068,16,465
pmmh,gymnastics4,0.613098,0.578831,4.47115,10,465
pmmh,gymnastics4,0.577284,0.556621,4.30556,20,465
pmmh,gymnastics4,0.562118,0.605089,3.66142,10,465
pmmh,gymnastics4,0.522685,0.524827,3.97436,15,465
pmmh,gymnastics4,0.588791,0.550456,4.04348,18,465
pmmh,gymnastics4,0.573265,0.495015,4.22727,20,465
pmmh,gymnastics4,0.519875,0.547388,3.875,19,465
pmmh,gymnastics4,0.572949,0.423173,4.94681,12,465
pmmh,gymnastics4,0.525735,0.597811,3.52273,14,465
pmmh,gymnastics4,0.606452,0.593627,4.04348,21,465
pmmh,gymnastics4,0.507647,0.546372,3.57692,14,465
pmmh,gymnastics4,0.571185,0.559688,3.90756,16,465
pmmh,gymnastics4,0.552112,0.547602,4.11504,20,465
tracker,gymnastics4,0.648387,0.674419,51.6667,10,465
tracker,gymnastics4,0.696508,0.588172,66.4286,11,465
tracker,gymnastics4,0.68275,0.650657,42.2727,17,465
tracker,gymnastics4,0.491329,0.522052,42.2727,27,465
tracker,gymnastics4,0.619932,0.59869,46.5,6,465
tracker,gymnastics4,0.650801,0.595652,66.4286,12,465
tracker,gymnastics4,0.611888,0.608958,58.125,13,465
tracker,gymnastics4,0.596878,0.626147,51.6667,23,465
tracker,gymnastics4,0.638423,0.5775,66.4286,23,465
tracker,gymnastics4,0.611765,0.508261,77.5,11,465
tracker,gymnastics4,0.525758,0.57585,51.6667,20,465
tracker,gymnastics4,0.592782,0.642979,38.75,17,465
tracker,gymnastics4,0.588623,0.626732,42.2727,19,465
tracker,gymnastics4,0.655323,0.628646,58.125,12,465
tracker,gymnastics4,0.718164,0.668449,58.125,15,465
pmmh,hand,0.580058,0.585504,16.6875,22,267
pmmh,hand,0.566961,0.570626,16.6875,28,267
pmmh,hand,0.615356,0.553542,16.6875,25,267
pmmh,hand,0.581716,0.590709,16.6875,25,267
pmmh,hand,0.558664,0.573889,15.7059,27,267
pmmh,hand,0.536595,0.574377,15.7059,26,267
pmmh,hand,0.545215,0.568081,15.7059,26,267
pmmh,hand,0.538565,0.550961,15.7059,26,267
pmmh,hand,0.592376,0.514991,15.7059,19,267
pmmh,hand,0.54795,0.554197,16.6875,23,267
pmmh,hand,0.593556,0.606201,17.8,27,267
pmmh,hand,0.540395,0.558841,16.6875,26,267
pmmh,hand,0.559904,0.560932,17.8,29,267
pmmh,hand,0.544952,0.539128,17.8,24,267
pmmh,hand,0.537877,0.573047,16.6875,28,267
tracker,hand,0.550702,0.556271,267,27,267
tracker,hand,0.548865,0.591487,267,24,267
tracker,hand,0.588862,0.563234,267,35,267
tracker,hand,0.580018,0.571232,267,38,267
tracker,hand,0.533064,0.57351,267,26,267
tracker,hand,0.542603,0.542052,267,36,267
tracker,hand,0.557182,0.579914,267,25,267
tracker,hand,0.564311,0.589862,267,26,267
tracker,hand,0.55036,0.575292,267,33,267
tracker,hand,0.547431,0.535285,267,38,267
tracker,hand,0.570308,0.565503,267,27,267
tracker,hand,0.558607,0.554314,267,37,267
tracker,hand,0.569992,0.556562,267,42,267
tracker,hand,0.555732,0.545828,267,38,267
tracker,hand,0.537146,0.53359,267,35,267
pmmh,handball1,0.533518,0.552624,37.7,52,377
pmmh,handball1,0.521147,0.542683,34.2727,61,377
pmmh,handball1,0.489124,0.5239,37.7,55,377
pmmh,handball1,0.536007,0.570441,34.2727,43,377
pmmh,handball1,0.618962,0.601077,34.2727,47,377
pmmh,handball1,0.542035,0.576325,34.2727,57,377
pmmh,handball1,0.548174,0.587883,37.7,59,377
pmmh,handball1,0.5078,0.538765,37.7,52,377
pmmh,handball1,0.519246,0.555604,34.2727,47,377
pmmh,handball1,0.62425,0.624295,37.7,60,377
pmmh,handball1,0.511616,0.536752,34.2727,41,377
pmmh,handball1,0.518464,0.552463,34.2727,47,377
pmmh,handball1,0.514549,0.546865,34.2727,45,377
pmmh,handball1,0.536228,0.570154,34.2727,52,377
pmmh,handball1,0.550455,0.571437,34.2727,62,377
tracker,handball1,0.562201,0.627811,377,37,377
tracker,handball1,0.521571,0.52174,377,115,377
tracker,handball1,0.591894,0.618097,inf,40,377
tracker,handball1,0.674449,0.677144,inf,41,377
tracker,handball1,0.529446,0.561455,inf,51,377
tracker,handball1,0.540175,0.578652,inf,62,377
tracker,handball1,0.500128,0.493176,inf,119,377
tracker,handball1,0.483908,0.527101,inf,59,377
tracker,handball1,0.543033,0.62118,377,50,377
tracker,handball1,0.638114,0.663877,377,37,377
tracker,handball1,0.541812,0.583124,377,48,377
tracker,handball1,0.509279,0.505013,377,121,377
tracker,handball1,0.486031,0.482418,377,122,377
tracker,handball1,0.682332,0.668411,377,48,377
tracker,handball1,0.648348,0.658125,377,48,377
pmmh,handball2,0.501001,0.530135,21.1579,76,402
pmmh,handball2,0.489671,0.49533,21.1579,60,402
pmmh,handball2,0.49728,0.532613,21.1579,61,402
pmmh,handball2,0.532581,0.582638,21.1579,60,402
pmmh,handball2,0.562156,0.563432,20.1,45,402
pmmh,handball2,0.488602,0.50656,20.1,57,402
pmmh,handball2,0.492572,0.537203,19.1429,60,402
pmmh,handball2,0.512892,0.545148,19.1429,69,402
pmmh,handball2,0.531062,0.55163,20.1,62,402
pmmh,handball2,0.53529,0.558143,21.1579,63,402
pmmh,handball2,0.499939,0.5273,20.1,58,402
pmmh,handball2,0.557277,0.56982,19.1429,36,402
pmmh,handball2,0.545074,0.570762,21.1579,66,402
pmmh,handball2,0.502915,0.531387,21.1579,64,402
pmmh,handball2,0.52068,0.545555,20.1,63,402
tracker,handball2,0.498992,0.501811,402,152,402
tracker,handball2,0.499687,0.500928,402,158,402
tracker,handball2,0.540049,0.57146,402,86,402
tracker,handball2,0.506917,0.507583,402,153,402
tracker,handball2,0.505884,0.508064,402,150,402
tracker,handball2,0.536814,0.570779,402,80,402
tracker,handball2,0.529479,0.561576,402,84,402
tracker,handball2,0.475765,0.536266,402,74,402
tracker,handball2,0.508509,0.510877,402,147,402
tracker,handball2,0.507971,0.512675,402,146,402
tracker,handball2,0.526383,0.5555,402,78,402
tracker,handball2,0.528451,0.563481,402,74,402
tracker,handball2,0.543732,0.570302,402,79,402
tracker,handball2,0.514585,0.546952,402,77,402
tracker,handball2,0.545133,0.581791,402,78,402
pmmh,helicopter,0.545667,0.641708,3.11894,22,708
pmmh,helicopter,0.509573,0.578537,3.02564,30,708
pmmh,helicopter,0.541432,0.604952,2.96234,37,708
pmmh,helicopter,0.633098,0.665851,3.16071,33,708
pmmh,helicopter,0.596437,0.651408,3.0917,30,708
pmmh,helicopter,0.600143,0.74528,2.19876,15,708
pmmh,helicopter,0.636448,0.663234,3.27778,38,708
pmmh,helicopter,0.614927,0.65015,3.10526,31,708
tracker,helicopter,0.505904,0.582012,37.2632,15,708
tracker,helicopter,0.557658,0.625755,41.6471,22,708
tracker,helicopter,0.592362,0.641011,44.25,22,708
tracker,helicopter,0.585245,0.657217,41.6471,26,708
tracker,helicopter,0.644333,0.685761,44.25,34,708
tracker,helicopter,0.512345,0.597817,41.6471,25,708
tracker,helicopter,0.547414,0.659939,39.3333,17,708
tracker,helicopter,0.608022,0.669684,41.6471,18,708
tracker,helicopter,0.594291,0.636038,29.5,28,708
tracker,helicopter,0.642115,0.681987,44.25,35,708
tracker,helicopter,0.616509,0.646829,47.2,39,708
pmmh,leaves,0.466557,0.521087,15.75,14,63
pmmh,leaves,0.466219,0.445414,15.75,13,63
pmmh,leaves,0.430831,0.471706,15.75,14,63
pmmh,leaves,0.467881,0.558658,12.6,12,63
pmmh,leaves,0.466604,0.533821,12.6,10,63
pmmh,leaves,0.491984,0.577361,12.6,12,63
pmmh,leaves,0.518654,0.54864,15.75,14,63
pmmh,leaves,0.462876,0.511884,15.75,13,63
pmmh,leaves,0.48874,0.489678,15.75,14,63
pmmh,leaves,0.459055,0.496925,12.6,13,63
pmmh,leaves,0.496047,0.526305,15.75,12,63
pmmh,leaves,0.522304,0.559741,15.75,12,63
pmmh,leaves,0.460241,0.486928,15.75,14,63
pmmh,leaves,0.470599,0.502176,15.75,15,63
pmmh,leaves,0.457265,0.507889,15.75,14,63
tracker,leaves,0.450785,0.538348,63,13,63
tracker,leaves,0.464746,0.503817,inf,15,63
tracker,leaves,0.486892,0.600622,inf,11,63
tracker,leaves,0.459564,0.49182,inf,15,63
tracker,leaves,0.432073,0.502005,63,12,63
tracker,leaves,0.504413,0.477229,inf,15,63
tracker,leaves,0.482879,0.508679,inf,16,63
tracker,leaves,0.529468,0.566878,63,14,63
tracker,leaves,0.434783,0.461843,inf,13,63
tracker,leaves,0.464542,0.498626,inf,15,63
tracker,leaves,0.460728,0.509376,63,16,63
tracker,leaves,0.433453,0.48619,inf,10,63
tracker,leaves,0.497329,0.484506,inf,15,63
tracker,leaves,0.454349,0.487525,63,13,63
tracker,leaves,0.448873,0.560612,inf,11,63
pmmh,marching,0.57217,0.612999,4.02,12,201
pmmh,marching,0.612986,0.642262,3.94118,10,201
pmmh,marching,0.565998,0.568077,4.1875,17,201
pmmh,marching,0.594797,0.598873,4.2766,12,201
pmmh,marching,0.556411,0.556574,4.36957,17,201
pmmh,marching,0.531709,0.541102,4.1875,17,201
pmmh,marching,0.56355,0.591784,4.1875,15,201
pmmh,marching,0.498453,0.541726,3.86538,14,201
pmmh,marching,0.536335,0.564491,4.2766,15,201
pmmh,marching,0.529139,0.529057,4.36957,18,201
pmmh,marching,0.518239,0.549339,3.86538,9,201
pmmh,marching,0.507558,0.509362,4.2766,13,201
pmmh,marching,0.513266,0.562689,3.79245,13,201
pmmh,marching,0.559268,0.649904,3.52632,10,201
pmmh,marching,0.549159,0.549021,4.36957,14,201
tracker,marching,0.606806,0.618974,50.25,13,201
tracker,marching,0.545134,0.562717,67,20,201
tracker,marching,0.526528,0.516638,50.25,17,201
tracker,marching,0.544829,0.553312,50.25,16,201
tracker,marching,0.533061,0.496472,67,19,201
tracker,marching,0.55648,0.531431,67,15,201
tracker,marching,0.508829,0.534974,67,12,201
tracker,marching,0.564777,0.572466,50.25,15,201
tracker,marching,0.541975,0.552424,50.25,17,201
tracker,marching,0.565417,0.552497,67,19,201
tracker,marching,0.542333,0.529658,50.25,16,201
tracker,marching,0.51699,0.500116,100.5,82,201
tracker,marching,0.62731,0.623965,50.25,12,201
tracker,marching,0.545114,0.534243,67,17,201
tracker,marching,0.493063,0.505374,50.25,16,201
pmmh,matrix,0.518811,0.508872,12.5,12,100
pmmh,matrix,0.563706,0.564294,14.2857,16,100
pmmh,matrix,0.565482,0.541478,12.5,11,100
pmmh,matrix,0.534991,0.486811,16.6667,15,100
pmmh,matrix,0.523885,0.477298,14.2857,10,100
pmmh,matrix,0.590869,0.583732,14.2857,14,100
pmmh,matrix,0.563784,0.506867,14.2857,12,100
pmmh,matrix,0.514817,0.498489,12.5,18,100
pmmh,matrix,0.522621,0.494855,14.2857,11,100
pmmh,matrix,0.533252,0.464218,14.2857,10,100
pmmh,matrix,0.556514,0.525677,14.2857,12,100
pmmh,matrix,0.559107,0.50567,14.2857,10,100
pmmh,matrix,0.541384,0.530029,14.2857,15,100
pmmh,matrix,0.516397,0.502769,14.2857,13,100
pmmh,matrix,0.572538,0.547167,12.5,13,100
tracker,matrix,0.527915,0.529403,inf,17,100
tracker,matrix,0.549879,0.500678,100,13,100
tracker,matrix,0.491031,0.464519,100,13,100
tracker,matrix,0.507191,0.497882,inf,26,100
tracker,matrix,0.523607,0.478815,inf,34,100
tracker,matrix,0.587365,0.559613,100,10,100
tracker,matrix,0.574104,0.519916,inf,19,100
tracker,matrix,0.523699,0.51355,inf,14,100
tracker,matrix,0.60716,0.554029,inf,16,100
tracker,matrix,0.530495,0.487169,inf,15,100
tracker,matrix,0.553291,0.535544,100,16,100
tracker,matrix,0.525501,0.470481,inf,19,100
tracker,matrix,0.550027,0.57046,inf,18,100
tracker,matrix,0.524825,0.518433,100,12,100
tracker,matrix,0.532584,0.530864,100,11,100
pmmh,motocross1,0.454491,0.539737,3.90476,19,164
pmmh,motocross1,0.54874,0.553638,5.46667,23,164
pmmh,motocross1,0.51915,0.625639,3.28,22,164
pmmh,motocross1,0.579127,0.582942,5.29032,26,164
pmmh,motocross1,0.487788,0.558803,3.09434,19,164
pmmh,motocross1,0.571818,0.59299,4.9697,22,164
pmmh,motocross1,0.467866,0.602892,2.98182,14,164
pmmh,motocross1,0.5892,0.597679,4.82353,25,164
pmmh,motocross1,0.599728,0.601434,5.29032,30,164
pmmh,motocross1,0.624224,0.585927,5.29032,22,164
pmmh,motocross1,0.56978,0.587056,5.125,30,164
pmmh,motocross1,0.417874,0.425883,4.9697,20,164
pmmh,motocross1,0.528349,0.583649,4.82353,20,164
pmmh,motocross1,0.545303,0.5723,4.55556,22,164
tracker,motocross1,0.527659,0.603605,54.6667,24,164
tracker,motocross1,0.580382,0.582635,82,25,164
tracker,motocross1,0.553886,0.551179,82,24,164
tracker,motocross1,0.563161,0.574682,82,25,164
tracker,motocross1,0.517614,0.611334,54.6667,18,164
tracker,motocross1,0.548419,0.544701,82,22,164
tracker,motocross1,0.516109,0.54227,82,23,164
tracker,motocross1,0.526303,0.602536,54.6667,25,164
tracker,motocross1,0.590309,0.587091,54.6667,34,164
tracker,motocross1,0.520406,0.526466,54.6667,15,164
pmmh,motocross2,0.46259,0.416861,1.32609,1,61
pmmh,motocross2,0.578263,0.58676,1.32609,3,61
pmmh,motocross2,0.63228,0.572421,1.38636,1,61
pmmh,motocross2,0.687334,0.633284,0.953125,2,61
pmmh,motocross2,0.516384,0.524886,1.32609,1,61
pmmh,motocross2,0.68389,0.648925,1.38636,1,61
pmmh,motocross2,0.578914,0.486991,1.08929,4,61
pmmh,motocross2,0.535098,0.510634,1.4186,1,61
pmmh,motocross2,0.665652,0.594086,1.01667,2,61
pmmh,motocross2,0.605762,0.518457,1.07018,3,61
pmmh,motocross2,0.641343,0.60291,1.45238,0,61
pmmh,motocross2,0.553126,0.454397,1.08929,3,61
pmmh,motocross2,0.641061,0.582141,1.35556,1,61
pmmh,motocross2,0.708655,0.675251,1.4186,2,61
pmmh,motocross2,0.607071,0.57792,1.35556,2,61
tracker,motocross2,0.555656,0.50852,15.25,3,61
tracker,motocross2,0.62113,0.595846,20.3333,0,61
tracker,motocross2,0.505412,0.462182,20.3333,1,61
tracker,motocross2,0.612634,0.586134,20.3333,0,61
tracker,motocross2,0.627462,0.589326,20.3333,1,61
tracker,motocross2,0.577967,0.549449,15.25,0,61
tracker,motocross2,0.676365,0.646396,20.3333,0,61
tracker,motocross2,0.685454,0.650911,15.25,0,61
tracker,motocross2,0.621211,0.592103,20.3333,0,61
pmmh,nature,0.634543,0.627124,3.03647,35,999
pmmh,nature,0.559254,0.592406,3.02727,44,999
pmmh,nature,0.54664,0.597417,2.85429,47,999
pmmh,nature,0.560671,0.560685,3.06442,47,999
pmmh,nature,0.546257,0.554123,3.15142,46,999
pmmh,nature,0.60986,0.594356,3.375,53,999
pmmh,nature,0.520304,0.547163,2.96439,39,999
pmmh,nature,0.613853,0.6057,3.25407,43,999
pmmh,nature,0.601726,0.620085,3.17143,56,999
pmmh,nature,0.592618,0.573095,3.23301,41,999
pmmh,nature,0.55554,0.548953,3.25407,47,999
pmmh,nature,0.605401,0.620162,3.23301,58,999
pmmh,nature,0.601688,0.588991,3.33,56,999
pmmh,nature,0.548378,0.560523,3.06442,49,999
pmmh,nature,0.618114,0.607926,3.33,54,999
tracker,nature,0.573118,0.598077,41.625,41,999
tracker,nature,0.596038,0.616344,43.4348,101,999
tracker,nature,0.666757,0.63922,47.5714,71,999
tracker,nature,0.679818,0.652414,47.5714,78,999
tracker,nature,0.581692,0.573888,45.4091,38,999
tracker,nature,0.56476,0.63098,39.96,45,999
tracker,nature,0.656654,0.63345,45.4091,76,999
tracker,nature,0.552554,0.521622,47.5714,109,999
tracker,nature,0.516316,0.546427,39.96,31,999
tracker,nature,0.541541,0.549307,41.625,50,999
tracker,nature,0.493319,0.556683,38.4231,59,999
tracker,nature,0.570358,0.572542,45.4091,92,999
tracker,nature,0.652649,0.612065,47.5714,75,999
tracker,nature,0.649531,0.611447,47.5714,89,999
tracker,nature,0.548718,0.548358,39.96,27,999
pmmh,pedestrian1,0.584252,0.609458,20,16,140
pmmh,pedestrian1,0.563998,0.578431,23.3333,15,140
pmmh,pedestrian1,0.54281,0.565842,20,16,140
pmmh,pedestrian1,0.540497,0.567671,23.3333,20,140
pmmh,pedestrian1,0.554127,0.590708,20,14,140
pmmh,pedestrian1,0.573762,0.606945,23.3333,13,140
pmmh,pedestrian1,0.563547,0.59457,23.3333,18,140
pmmh,pedestrian1,0.533872,0.552798,23.3333,15,140
pmmh,pedestrian1,0.580744,0.59764,23.3333,16,140
pmmh,pedestrian1,0.565477,0.594948,20,18,140
pmmh,pedestrian1,0.551184,0.573698,23.3333,18,140
pmmh,pedestrian1,0.540979,0.557418,20,13,140
pmmh,pedestrian1,0.539143,0.556298,23.3333,17,140
pmmh,pedestrian1,0.551553,0.563197,23.3333,16,140
pmmh,pedestrian1,0.55164,0.57606,20,15,140
tracker,pedestrian1,0.555891,0.593333,inf,16,140
tracker,pedestrian1,0.585527,0.577022,140,16,140
tracker,pedestrian1,0.591679,0.609231,inf,14,140
tracker,pedestrian1,0.540991,0.555887,inf,19,140
tracker,pedestrian1,0.565496,0.591302,140,19,140
tracker,pedestrian1,0.539984,0.563086,inf,16,140
tracker,pedestrian1,0.593364,0.586029,140,17,140
tracker,pedestrian1,0.586688,0.576223,inf,17,140
tracker,pedestrian1,0.594642,0.584844,140,16,140
tracker,pedestrian1,0.590675,0.578706,inf,16,140
tracker,pedestrian1,0.578479,0.585267,140,14,140
tracker,pedestrian1,0.570038,0.609621,140,16,140
tracker,pedestrian1,0.596021,0.588453,inf,18,140
tracker,pedestrian1,0.520629,0.52624,140,37,140
tracker,pedestrian1,0.558913,0.576517,inf,17,140
pmmh,pedestrian2,0.647392,0.638448,11.8833,81,713
pmmh,pedestrian2,0.515358,0.538669,11.8833,59,713
pmmh,pedestrian2,0.647696,0.609087,13.7115,68,713
pmmh,pedestrian2,0.631729,0.626703,11.6885,28,713
pmmh,pedestrian2,0.655883,0.560991,14.551,57,713
pmmh,pedestrian2,0.616455,0.61521,12.9636,76,713
pmmh,pedestrian2,0.629278,0.640521,12.9636,80,713
pmmh,pedestrian2,0.606806,0.622917,12.9636,64,713
pmmh,pedestrian2,0.603571,0.614322,12.5088,73,713
pmmh,pedestrian2,0.709513,0.592355,14.8542,47,713
pmmh,pedestrian2,0.603169,0.62402,12.7321,93,713
pmmh,pedestrian2,0.604137,0.562083,13.4528,64,713
pmmh,pedestrian2,0.688772,0.678853,12.5088,58,713
pmmh,pedestrian2,0.632435,0.59769,12.7321,45,713
pmmh,pedestrian2,0.646993,0.600148,12.9636,42,713
tracker,pedestrian2,0.736635,0.708946,178.25,22,713
tracker,pedestrian2,0.745987,0.710889,178.25,37,713
tracker,pedestrian2,0.707074,0.702453,178.25,30,713
tracker,pedestrian2,0.724925,0.668836,178.25,30,713
tracker,pedestrian2,0.752884,0.702099,178.25,27,713
tracker,pedestrian2,0.714119,0.670782,178.25,26,713
tracker,pedestrian2,0.69408,0.663353,178.25,20,713
tracker,pedestrian2,0.684945,0.684238,178.25,24,713
tracker,pedestrian2,0.776458,0.675647,237.667,40,713
tracker,pedestrian2,0.658738,0.690256,178.25,23,713
tracker,pedestrian2,0.754054,0.709123,178.25,19,713
tracker,pedestrian2,0.770433,0.623484,237.667,20,713
tracker,pedestrian2,0.732852,0.578942,237.667,12,713
tracker,pedestrian2,0.771666,0.637549,237.667,24,713
tracker,pedestrian2,0.749748,0.717925,178.25,46,713
pmmh,rabbit,0.571338,0.529352,26.3333,42,158
pmmh,rabbit,0.517234,0.507516,26.3333,54,158
pmmh,rabbit,0.531644,0.528958,26.3333,50,158
pmmh,rabbit,0.510474,0.51374,31.6,54,158
pmmh,rabbit,0.54087,0.528186,31.6,54,158
pmmh,rabbit,0.57025,0.524312,31.6,46,158
pmmh,rabbit,0.52573,0.517983,26.3333,50,158
pmmh,rabbit,0.530887,0.528914,26.3333,52,158
pmmh,rabbit,0.522402,0.522185,26.3333,57,158
pmmh,rabbit,0.53101,0.505597,31.6,57,158
pmmh,rabbit,0.580794,0.534984,26.3333,39,158
pmmh,rabbit,0.567466,0.509616,26.3333,49,158
pmmh,rabbit,0.544588,0.547916,31.6,51,158
pmmh,rabbit,0.532879,0.533068,31.6,55,158
pmmh,rabbit,0.546493,0.51558,31.6,51,158
tracker,rabbit,0.532896,0.536921,inf,53,158
tracker,rabbit,0.558714,0.554999,158,57,158
tracker,rabbit,0.548774,0.534451,158,56,158
tracker,rabbit,0.541259,0.536092,inf,51,158
tracker,rabbit,0.530697,0.540529,inf,52,158
tracker,rabbit,0.543134,0.531463,158,51,158
tracker,rabbit,0.543451,0.550041,158,57,158
tracker,rabbit,0.540837,0.539734,inf,55,158
tracker,rabbit,0.544511,0.520946,inf,55,158
tracker,rabbit,0.548287,0.527071,inf,52,158
tracker,rabbit,0.547609,0.544087,158,60,158
tracker,rabbit,0.534522,0.531509,158,48,158
tracker,rabbit,0.555991,0.563853,inf,48,158
tracker,rabbit,0.506743,0.496631,inf,57,158
tracker,rabbit,0.552393,0.548696,158,57,158
pmmh,racing,0.66084,0.619236,4.72727,9,156
pmmh,racing,0.556437,0.551911,5.57143,11,156
pmmh,racing,0.631969,0.61576,4.72727,6,156
pmmh,racing,0.46031,0.444235,5.37931,7,156
pmmh,racing,0.592811,0.611608,5.03226,11,156
pmmh,racing,0.606273,0.580796,5.77778,12,156
pmmh,racing,0.639419,0.59595,5.77778,11,156
pmmh,racing,0.604848,0.640324,5.03226,13,156
pmmh,racing,0.61197,0.581003,5.2,8,156
pmmh,racing,0.621084,0.604151,5.37931,11,156
pmmh,racing,0.558061,0.442731,7.09091,10,156
pmmh,racing,0.596751,0.603574,5.2,11,156
pmmh,racing,0.567839,0.56004,5.2,8,156
pmmh,racing,0.560646,0.61836,4.875,7,156
pmmh,racing,0.578583,0.545217,5.57143,11,156
tracker,racing,0.481729,0.550661,52,9,156
tracker,racing,0.493888,0.50093,52,7,156
tracker,racing,0.610318,0.580957,78,14,156
tracker,racing,0.6248,0.618389,78,12,156
tracker,racing,0.599342,0.634792,52,14,156
tracker,racing,0.452312,0.512672,78,8,156
tracker,racing,0.560828,0.59597,78,8,156
tracker,racing,0.580064,0.638438,52,13,156
tracker,racing,0.546149,0.588379,78,7,156
tracker,racing,0.560418,0.550873,78,11,156
tracker,racing,0.594203,0.586004,78,17,156
tracker,racing,0.523357,0.55275,78,9,156
tracker,racing,0.614476,0.597996,78,6,156
tracker,racing,0.651099,0.578283,78,10,156
tracker,racing,0.63717,0.619673,78,14,156
pmmh,road,0.562496,0.60063,14.6842,64,558
pmmh,road,0.588579,0.631513,14.3077,69,558
pmmh,road,0.585103,0.625064,14.6842,67,558
pmmh,road,0.561483,0.585707,14.3077,63,558
pmmh,road,0.589933,0.628542,14.3077,59,558
pmmh,road,0.555539,0.581516,13.95,61,558
pmmh,road,0.582862,0.624019,14.3077,61,558
pmmh,road,0.614322,0.656109,13.95,63,558
pmmh,road,0.595161,0.611606,13.2857,51,558
pmmh,road,0.554259,0.579598,14.3077,63,558
pmmh,road,0.542662,0.584033,13.95,57,558
pmmh,road,0.58565,0.617546,13.95,52,558
pmmh,road,0.569935,0.605967,13.95,59,558
pmmh,road,0.523765,0.565403,13.95,56,558
pmmh,road,0.551778,0.585858,14.6842,62,558
tracker,road,0.614029,0.626768,279,78,558
tracker,road,0.574518,0.618134,279,62,558
tracker,road,0.580606,0.592041,186,80,558
tracker,road,0.582959,0.615343,186,60,558
tracker,road,0.56576,0.589872,279,57,558
tracker,road,0.595084,0.619914,279,61,558
tracker,road,0.607232,0.623234,279,85,558
tracker,road,0.574162,0.59006,186,84,558
tracker,road,0.570547,0.607271,186,71,558
tracker,road,0.574889,0.616179,279,63,558
tracker,road,0.60566,0.610266,279,78,558
tracker,road,0.571975,0.592056,186,55,558
tracker,road,0.54852,0.581044,186,68,558
tracker,road,0.616764,0.63298,279,74,558
tracker,road,0.5962,0.605705,279,74,558
pmmh,shaking,0.572204,0.58077,10.4286,36,365
pmmh,shaking,0.555207,0.577628,9.86486,33,365
pmmh,shaking,0.583665,0.587196,9.60526,29,365
pmmh,shaking,0.546605,0.569634,9.60526,32,365
pmmh,shaking,0.540917,0.558846,10.1389,35,365
pmmh,shaking,0.593581,0.601369,10.4286,39,365
pmmh,shaking,0.613582,0.612299,10.1389,32,365
pmmh,shaking,0.617437,0.609073,9.35897,30,365
pmmh,shaking,0.563043,0.584891,10.1389,37,365
pmmh,shaking,0.542993,0.555884,10.1389,30,365
pmmh,shaking,0.505887,0.54127,9.60526,31,365
pmmh,shaking,0.543416,0.56588,9.86486,27,365
pmmh,shaking,0.571347,0.586826,9.35897,28,365
pmmh,shaking,0.605618,0.585083,10.7353,32,365
pmmh,shaking,0.599726,0.596637,10.4286,31,365
tracker,shaking,0.602959,0.601817,121.667,59,365
tracker,shaking,0.581512,0.595408,182.5,36,365
tracker,shaking,0.561316,0.579505,121.667,37,365
tracker,shaking,0.586758,0.617215,121.667,34,365
tracker,shaking,0.577433,0.599589,121.667,34,365
tracker,shaking,0.562733,0.567365,121.667,58,365
tracker,shaking,0.586053,0.604449,121.667,39,365
tracker,shaking,0.61007,0.603878,182.5,66,365
tracker,shaking,0.626818,0.613467,121.667,52,365
tracker,shaking,0.638132,0.607245,121.667,42,365
tracker,shaking,0.637828,0.647686,121.667,46,365
tracker,shaking,0.628091,0.643638,121.667,33,365
tracker,shaking,0.610664,0.627527,121.667,52,365
tracker,shaking,0.596356,0.611569,121.667,30,365
tracker,shaking,0.583449,0.615124,121.667,29,365
pmmh,sheep,0.583876,0.608521,19.3077,9,251
pmmh,sheep,0.573219,0.543588,17.9286,6,251
pmmh,sheep,0.632973,0.641051,17.9286,9,251
pmmh,sheep,0.501134,0.448054,19.3077,4,251
pmmh,sheep,0.458246,0.475203,17.9286,8,251
pmmh,sheep,0.593334,0.513254,20.9167,9,251
pmmh,sheep,0.502665,0.495729,17.9286,8,251
pmmh,sheep,0.533369,0.491443,19.3077,4,251
pmmh,sheep,0.604595,0.614278,19.3077,8,251
pmmh,sheep,0.61352,0.510181,19.3077,6,251
pmmh,sheep,0.630626,0.64543,17.9286,9,251
pmmh,sheep,0.610278,0.598441,17.9286,9,251
pmmh,sheep,0.641732,0.627535,17.9286,7,251
pmmh,sheep,0.56827,0.613217,16.7333,12,251
pmmh,sheep,0.60174,0.583909,19.3077,14,251
tracker,sheep,0.551645,0.456218,251,9,251
tracker,sheep,0.697092,0.450936,251,6,251
tracker,sheep,0.6329,0.60915,251,13,251
tracker,sheep,0.697474,0.596725,251,15,251
tracker,sheep,0.531703,0.48317,251,6,251
tracker,sheep,0.615726,0.535942,251,13,251
tracker,sheep,0.646073,0.553092,251,14,251
tracker,sheep,0.710347,0.637884,251,18,251
tracker,sheep,0.732803,0.520826,251,8,251
tracker,sheep,0.65857,0.586562,251,7,251
tracker,sheep,0.600996,0.481668,251,4,251
tracker,sheep,0.649325,0.557455,251,10,251
tracker,sheep,0.623436,0.584819,251,17,251
tracker,sheep,0.611288,0.492382,251,6,251
tracker,sheep,0.639102,0.591943,251,16,251
pmmh,soccer1,0.527558,0.566149,9.8,28,392
pmmh,soccer1,0.520063,0.534036,10.5946,27,392
pmmh,soccer1,0.526067,0.540606,10.0513,29,392
pmmh,soccer1,0.518335,0.569359,9.33333,30,392
pmmh,soccer1,0.520599,0.550987,10.0513,28,392
pmmh,soccer1,0.519957,0.58176,9.56098,37,392
pmmh,soccer1,0.502352,0.559939,9.33333,25,392
pmmh,soccer1,0.480536,0.571085,8.52174,30,392
pmmh,soccer1,0.535647,0.554271,10.0513,27,392
pmmh,soccer1,0.524012,0.579831,9.33333,33,392
pmmh,soccer1,0.517356,0.585081,9.11628,30,392
pmmh,soccer1,0.520104,0.581957,9.33333,37,392
pmmh,soccer1,0.512042,0.551455,10.0513,31,392
pmmh,soccer1,0.536971,0.591946,9.56098,34,392
pmmh,soccer1,0.502144,0.543972,9.56098,32,392
tracker,soccer1,0.589009,0.636499,130.667,22,392
tracker,soccer1,0.536011,0.556745,130.667,26,392
tracker,soccer1,0.548921,0.603755,130.667,24,392
tracker,soccer1,0.590052,0.600778,130.667,59,392
tracker,soccer1,0.565246,0.615349,130.667,33,392
tracker,soccer1,0.48066,0.549603,130.667,22,392
tracker,soccer1,0.560885,0.566904,130.667,32,392
tracker,soccer1,0.579542,0.633106,196,27,392
tracker,soccer1,0.528544,0.567844,130.667,29,392
tracker,soccer1,0.556143,0.610716,130.667,39,392
tracker,soccer1,0.520195,0.567908,130.667,35,392
tracker,soccer1,0.514634,0.57936,130.667,34,392
tracker,soccer1,0.591002,0.624649,196,32,392
tracker,soccer1,0.571108,0.616099,130.667,33,392
tracker,soccer1,0.594505,0.662322,130.667,36,392
pmmh,soccer2,0.523968,0.542363,21.5,29,129
pmmh,soccer2,0.504369,0.51462,21.5,30,129
pmmh,soccer2,0.503948,0.530606,21.5,26,129
pmmh,soccer2,0.484704,0.512352,21.5,28,129
pmmh,soccer2,0.492391,0.528501,21.5,30,129
pmmh,soccer2,0.521325,0.534661,21.5,29,129
pmmh,soccer2,0.531353,0.559475,21.5,30,129
pmmh,soccer2,0.510122,0.536123,21.5,26,129
pmmh,soccer2,0.526637,0.5417,21.5,32,129
pmmh,soccer2,0.516264,0.544924,18.4286,28,129
pmmh,soccer2,0.519349,0.533186,21.5,27,129
pmmh,soccer2,0.514276,0.529947,21.5,26,129
pmmh,soccer2,0.502711,0.519183,21.5,32,129
pmmh,soccer2,0.502301,0.514915,21.5,27,129
pmmh,soccer2,0.513399,0.524207,21.5,28,129
tracker,soccer2,0.521632,0.519037,inf,40,129
tracker,soccer2,0.51932,0.534939,inf,28,129
tracker,soccer2,0.510699,0.518932,inf,25,129
tracker,soccer2,0.505928,0.503025,inf,41,129
tracker,soccer2,0.532656,0.56415,inf,29,129
tracker,soccer2,0.503179,0.504579,inf,41,129
tracker,soccer2,0.504169,0.516404,inf,34,129
tracker,soccer2,0.503395,0.501622,inf,41,129
tracker,soccer2,0.511919,0.526584,inf,28,129
tracker,soccer2,0.521368,0.546344,inf,26,129
tracker,soccer2,0.549976,0.574031,inf,26,129
tracker,soccer2,0.496884,0.492606,inf,39,129
tracker,soccer2,0.522505,0.524027,inf,39,129
tracker,soccer2,0.511896,0.52207,inf,37,129
tracker,soccer2,0.538948,0.56126,inf,30,129
pmmh,soldier,0.594432,0.596577,5.30769,9,138
pmmh,soldier,0.749808,0.707415,5.30769,6,138
pmmh,soldier,0.647769,0.649755,5.30769,11,138
pmmh,soldier,0.539867,0.558131,5.11111,11,138
pmmh,soldier,0.612377,0.620969,5.30769,12,138
pmmh,soldier,0.66214,0.650884,5.52,9,138
pmmh,soldier,0.585639,0.577212,5.52,9,138
pmmh,soldier,0.721139,0.683554,5.52,9,138
pmmh,soldier,0.703397,0.710226,4.92857,11,138
pmmh,soldier,0.564296,0.595728,4.75862,6,138
pmmh,soldier,0.634081,0.645188,5.52,16,138
pmmh,soldier,0.562214,0.561177,5.75,11,138
pmmh,soldier,0.683061,0.678352,5.30769,11,138
pmmh,soldier,0.624897,0.653193,4.92857,11,138
pmmh,soldier,0.593204,0.614688,5.11111,11,138
tracker,soldier,0.59539,0.620314,69,11,138
tracker,soldier,0.548083,0.539556,138,23,138
tracker,soldier,0.585161,0.58085,69,11,138
tracker,soldier,0.546248,0.521075,138,49,138
tracker,soldier,0.715437,0.699506,69,12,138
tracker,soldier,0.631476,0.601455,138,26,138
tracker,soldier,0.659579,0.654146,69,22,138
tracker,soldier,0.632386,0.644527,138,15,138
tracker,soldier,0.663163,0.661586,69,11,138
tracker,soldier,0.583777,0.591115,69,13,138
tracker,soldier,0.541231,0.546125,138,10,138
tracker,soldier,0.635916,0.601583,69,15,138
tracker,soldier,0.520561,0.527138,69,9,138
tracker,soldier,0.617711,0.582314,138,17,138
tracker,soldier,0.60711,0.603812,69,20,138
pmmh,sphere,0.588808,0.585394,5.74286,28,201
pmmh,sphere,0.59211,0.603299,5.91176,38,201
pmmh,sphere,0.588697,0.579377,5.58333,25,201
pmmh,sphere,0.602646,0.598127,6.28125,41,201
pmmh,sphere,0.630277,0.626277,5.91176,35,201
pmmh,sphere,0.590028,0.588442,5.74286,30,201
pmmh,sphere,0.586535,0.57784,5.43243,22,201
pmmh,sphere,0.564794,0.566995,5.43243,25,201
pmmh,sphere,0.582267,0.582232,5.74286,29,201
pmmh,sphere,0.578421,0.582315,6.09091,47,201
pmmh,sphere,0.567161,0.565769,5.91176,30,201
pmmh,sphere,0.611475,0.608764,5.58333,24,201
pmmh,sphere,0.597389,0.59785,5.74286,33,201
pmmh,sphere,0.570202,0.571086,6.09091,37,201
pmmh,sphere,0.593838,0.58047,5.58333,20,201
tracker,sphere,0.586228,0.592917,67,43,201
tracker,sphere,0.615247,0.614912,100.5,47,201
tracker,sphere,0.59012,0.584231,100.5,41,201
tracker,sphere,0.600054,0.606689,67,43,201
tracker,sphere,0.598329,0.590488,67,40,201
tracker,sphere,0.59428,0.597551,100.5,38,201
tracker,sphere,0.565821,0.559132,100.5,42,201
tracker,sphere,0.618595,0.626815,67,39,201
tracker,sphere,0.583818,0.585637,67,39,201
tracker,sphere,0.578665,0.576162,67,32,201
tracker,sphere,0.615415,0.606677,100.5,40,201
tracker,sphere,0.581947,0.573863,100.5,35,201
tracker,sphere,0.587535,0.589019,100.5,36,201
tracker,sphere,0.64314,0.625422,67,37,201
tracker,sphere,0.555972,0.548213,67,42,201
pmmh,tiger,0.520574,0.530793,9.125,34,365
pmmh,tiger,0.496127,0.520888,8.69048,35,365
pmmh,tiger,0.514226,0.51363,9.125,34,365
pmmh,tiger,0.47907,0.510985,8.48837,30,365
pmmh,tiger,0.507106,0.505782,9.125,31,365
pmmh,tiger,0.492344,0.514052,8.69048,31,365
pmmh,tiger,0.530849,0.552157,8.90244,38,365
pmmh,tiger,0.547353,0.543251,8.90244,25,365
pmmh,tiger,0.510432,0.54993,8.29545,31,365
pmmh,tiger,0.491064,0.51703,8.48837,26,365
pmmh,tiger,0.52204,0.52968,8.69048,30,365
pmmh,tiger,0.48722,0.505012,8.90244,38,365
pmmh,tiger,0.488425,0.501105,8.90244,32,365
pmmh,tiger,0.500719,0.519478,8.69048,34,365
pmmh,tiger,0.477923,0.512735,8.48837,31,365
tracker,tiger,0.519968,0.501813,121.667,27,365
tracker,tiger,0.530216,0.518348,121.667,30,365
tracker,tiger,0.549618,0.552914,121.667,30,365
tracker,tiger,0.488278,0.504322,121.667,38,365
tracker,tiger,0.519207,0.509474,121.667,29,365
tracker,tiger,0.473828,0.487939,121.667,40,365
tracker,tiger,0.53983,0.519747,182.5,27,365
tracker,tiger,0.489818,0.529432,91.25,30,365
tracker,tiger,0.53075,0.530028,121.667,29,365
tracker,tiger,0.524993,0.516962,121.667,28,365
tracker,tiger,0.551864,0.529035,121.667,31,365
tracker,tiger,0.520201,0.516998,121.667,27,365
tracker,tiger,0.504632,0.508583,182.5,72,365
tracker,tiger,0.52613,0.53716,121.667,30,365
tracker,tiger,0.536548,0.532368,121.667,36,365
pmmh,traffic,0.61553,0.604387,15.9167,18,191
pmmh,traffic,0.579813,0.607335,15.9167,23,191
pmmh,traffic,0.488922,0.478071,15.9167,12,191
pmmh,traffic,0.548825,0.571625,17.3636,21,191
pmmh,traffic,0.58147,0.530527,17.3636,15,191
pmmh,traffic,0.553429,0.590549,17.3636,23,191
pmmh,traffic,0.537565,0.52598,17.3636,19,191
pmmh,traffic,0.544986,0.584273,15.9167,17,191
pmmh,traffic,0.527135,0.546537,15.9167,24,191
pmmh,traffic,0.501836,0.510275,17.3636,21,191
pmmh,traffic,0.546837,0.585722,15.9167,17,191
pmmh,traffic,0.549626,0.551624,15.9167,16,191
pmmh,traffic,0.624208,0.644945,15.9167,17,191
pmmh,traffic,0.549483,0.57016,14.6923,15,191
pmmh,traffic,0.611966,0.629162,15.9167,12,191
tracker,traffic,0.563779,0.576425,191,16,191
tracker,traffic,0.515084,0.537471,inf,17,191
tracker,traffic,0.563813,0.606174,inf,5,191
tracker,traffic,0.547595,0.567562,191,6,191
tracker,traffic,0.529833,0.566765,191,11,191
tracker,traffic,0.552593,0.632093,191,7,191
tracker,traffic,0.572538,0.614905,191,7,191
tracker,traffic,0.569803,0.589901,191,15,191
tracker,traffic,0.574616,0.545505,191,8,191
tracker,traffic,0.573791,0.593683,191,7,191
tracker,traffic,0.566978,0.544847,191,6,191
tracker,traffic,0.52996,0.564906,inf,15,191
tracker,traffic,0.55627,0.535434,inf,6,191
tracker,traffic,0.611101,0.648937,191,10,191
tracker,traffic,0.550971,0.567234,191,13,191
pmmh,tunnel,0.648457,0.632521,22.2857,45,312
pmmh,tunnel,0.531352,0.549397,22.2857,58,312
pmmh,tunnel,0.650079,0.636136,20.8,44,312
pmmh,tunnel,0.547023,0.563279,20.8,53,312
pmmh,tunnel,0.557972,0.574079,24,63,312
pmmh,tunnel,0.559316,0.570019,22.2857,56,312
pmmh,tunnel,0.531189,0.56436,20.8,48,312
pmmh,tunnel,0.616285,0.612444,22.2857,49,312
pmmh,tunnel,0.533149,0.560173,22.2857,52,312
pmmh,tunnel,0.614442,0.631543,22.2857,56,312
pmmh,tunnel,0.623958,0.610339,20.8,42,312
pmmh,tunnel,0.564165,0.598025,20.8,58,312
pmmh,tunnel,0.563857,0.587979,22.2857,63,312
pmmh,tunnel,0.576572,0.547022,24,53,312
pmmh,tunnel,0.511734,0.530751,22.2857,63,312
tracker,tunnel,0.511911,0.504478,312,41,312
tracker,tunnel,0.564579,0.625509,312,38,312
tracker,tunnel,0.550527,0.559906,312,47,312
tracker,tunnel,0.592166,0.599422,312,26,312
tracker,tunnel,0.548054,0.567818,312,24,312
tracker,tunnel,0.545166,0.493888,312,33,312
tracker,tunnel,0.488922,0.515566,312,37,312
tracker,tunnel,0.503865,0.503807,312,30,312
tracker,tunnel,0.540669,0.458499,312,12,312
tracker,tunnel,0.510922,0.475679,312,28,312
tracker,tunnel,0.488529,0.516135,312,37,312
tracker,tunnel,0.600177,0.576886,312,25,312
tracker,tunnel,0.478328,0.508968,312,25,312
tracker,tunnel,0.561471,0.588001,312,45,312
tracker,tunnel,0.498137,0.483832,312,30,312
pmmh,wiper,0.616412,0.619269,18.9444,50,341
pmmh,wiper,0.574962,0.582356,18.9444,47,341
pmmh,wiper,0.565857,0.589214,18.9444,60,341
pmmh,wiper,0.617283,0.583926,18.9444,41,341
pmmh,wiper,0.594147,0.618096,18.9444,49,341
pmmh,wiper,0.530018,0.550204,18.9444,50,341
pmmh,wiper,0.585204,0.58334,20.0588,58,341
pmmh,wiper,0.567887,0.59077,17.9474,47,341
pmmh,wiper,0.584901,0.60232,18.9444,52,341
pmmh,wiper,0.610724,0.607741,20.0588,55,341
pmmh,wiper,0.624038,0.642276,18.9444,58,341
pmmh,wiper,0.594532,0.608094,18.9444,53,341
pmmh,wiper,0.540267,0.545637,18.9444,48,341
pmmh,wiper,0.583368,0.593275,18.9444,52,341
pmmh,wiper,0.590669,0.599532,18.9444,48,341
tracker,wiper,0.582407,0.589554,341,54,341
tracker,wiper,0.599429,0.593787,341,43,341
tracker,wiper,0.578521,0.572478,341,48,341
tracker,wiper,0.67362,0.656037,341,76,341
tracker,wiper,0.683758,0.646116,341,71,341
tracker,wiper,0.614854,0.618677,341,49,341
tracker,wiper,0.452748,0.456145,inf,127,341
tracker,wiper,0.604191,0.608076,341,50,341
tracker,wiper,0.693394,0.652046,341,72,341
tracker,wiper,0.626162,0.652275,341,55,341
tracker,wiper,0.655026,0.638611,341,74,341
tracker,wiper,0.672334,0.625519,341,81,341
tracker,wiper,0.587614,0.561257,170.5,36,341
tracker,wiper,0.570573,0.565092,170.5,50,341
tracker,wiper,0.592019,0.598184,341,47,341
